"GRAVITY"=9.81
"SPEED_OF_LIGHT"=299792458
"PLANCK_CONSTANT"=6.62607015e-34
"AVOGADRO_NUMBER"=6.02214076e23
"BOLTZMANN_CONSTANT"=1.380649e-23
"ELECTRON_MASS"=9.10938356e-31
"PROTON_MASS"=1.6726219e-27
"NEUTRON_MASS"=1.674927471e-27
"ELEMENTARY_CHARGE"=1.602176634e-19
"GAS_CONSTANT"=8.314462618
"EARTH_RADIUS"=6371000
"EARTH_MASS"=5.972e24
"SOLAR_MASS"=1.989e30
"LIGHT_YEAR"=9.4607e15
"PARSEC"=3.0857e16
"IS_CONSTANT"=true
"UNIVERSAL_CONSTANT"=constant